mean: 0.636872481630091
split0: 0.6323909622413172
split1: 0.6244758480416898
split2: 0.6015643917865244
split3: 0.7153028757904859
split4: 0.6106283302904378
